# relative_time, cycles_done, cur_item, corpus_count, pending_total, pending_favs, map_size, saved_crashes, saved_hangs, max_depth, execs_per_sec, total_execs, edges_found
60, 14, 1, 2, 0, 0, 0.00%, 1, 0, 2, 793.41, 49311, 8
65, 15, 1, 2, 0, 0, 0.00%, 1, 0, 2, 800.84, 53366, 8
71, 16, 1, 2, 0, 0, 0.00%, 1, 0, 2, 786.72, 57481, 8
76, 17, 1, 2, 0, 0, 0.00%, 1, 0, 2, 756.97, 61253, 8
81, 18, 1, 2, 0, 0, 0.00%, 1, 0, 2, 801.71, 65428, 8
86, 19, 0, 2, 0, 0, 0.00%, 1, 0, 2, 817.35, 69596, 8
91, 21, 1, 2, 0, 0, 0.00%, 1, 0, 2, 831.45, 73787, 8
96, 22, 1, 2, 0, 0, 0.00%, 1, 0, 2, 798.88, 77760, 8
101, 23, 1, 2, 0, 0, 0.00%, 1, 0, 2, 768.94, 81577, 8
106, 24, 1, 2, 0, 0, 0.00%, 1, 0, 2, 800.31, 85733, 8
111, 25, 1, 2, 0, 0, 0.00%, 1, 0, 2, 757.29, 89704, 8
116, 26, 0, 2, 0, 0, 0.00%, 1, 0, 2, 748.96, 93475, 8
121, 27, 1, 2, 0, 0, 0.00%, 1, 0, 2, 802.95, 97756, 8
127, 29, 1, 2, 0, 0, 0.00%, 1, 0, 2, 780.72, 101856, 8
132, 30, 1, 2, 0, 0, 0.00%, 1, 0, 2, 813.72, 105962, 8
137, 31, 1, 2, 0, 0, 0.00%, 1, 0, 2, 817.80, 110038, 8
142, 32, 0, 2, 0, 0, 0.00%, 1, 0, 2, 754.21, 113828, 8
147, 33, 1, 2, 0, 0, 0.00%, 1, 0, 2, 787.19, 117825, 8
152, 34, 0, 2, 0, 0, 0.00%, 1, 0, 2, 748.73, 121647, 8
157, 35, 0, 2, 0, 0, 0.00%, 1, 0, 2, 808.24, 125740, 8
162, 37, 1, 2, 0, 0, 0.00%, 1, 0, 2, 817.97, 129899, 8
167, 38, 1, 2, 0, 0, 0.00%, 1, 0, 2, 797.64, 133929, 8
172, 39, 1, 2, 0, 0, 0.00%, 1, 0, 2, 740.63, 137639, 8
177, 40, 1, 2, 0, 0, 0.00%, 1, 0, 2, 799.55, 141786, 8
182, 41, 1, 2, 0, 0, 0.00%, 1, 0, 2, 735.18, 145474, 8
187, 42, 1, 2, 0, 0, 0.00%, 1, 0, 2, 783.47, 149433, 8
192, 43, 0, 2, 0, 0, 0.00%, 1, 0, 2, 803.70, 153445, 8
197, 44, 1, 2, 0, 0, 0.00%, 1, 0, 2, 768.88, 157290, 8
202, 46, 0, 2, 0, 0, 0.00%, 1, 0, 2, 811.67, 161543, 8
207, 47, 0, 2, 0, 0, 0.00%, 1, 0, 2, 810.57, 165667, 8
212, 48, 1, 2, 0, 0, 0.00%, 1, 0, 2, 793.19, 169652, 8
217, 49, 1, 2, 0, 0, 0.00%, 1, 0, 2, 823.26, 173806, 8
223, 50, 1, 2, 0, 0, 0.00%, 1, 0, 2, 838.53, 178157, 8
228, 51, 1, 2, 0, 0, 0.00%, 1, 0, 2, 844.17, 182396, 8
233, 53, 0, 2, 0, 0, 0.00%, 1, 0, 2, 804.19, 186491, 8
238, 54, 1, 2, 0, 0, 0.00%, 1, 0, 2, 826.87, 190714, 8
243, 55, 1, 2, 0, 0, 0.00%, 1, 0, 2, 817.09, 194806, 8
248, 56, 1, 2, 0, 0, 0.00%, 1, 0, 2, 801.21, 198885, 8
253, 57, 1, 2, 0, 0, 0.00%, 1, 0, 2, 813.19, 202913, 8
258, 58, 0, 2, 0, 0, 0.00%, 1, 0, 2, 835.24, 207280, 8
263, 60, 1, 2, 0, 0, 0.00%, 1, 0, 2, 776.74, 211198, 8
268, 61, 1, 2, 0, 0, 0.00%, 1, 0, 2, 805.37, 215355, 8
273, 62, 1, 2, 0, 0, 0.00%, 1, 0, 2, 806.86, 219450, 8
278, 63, 1, 2, 0, 0, 0.00%, 1, 0, 2, 816.45, 223529, 8
283, 64, 1, 2, 0, 0, 0.00%, 1, 0, 2, 835.57, 227752, 8
288, 65, 0, 2, 0, 0, 0.00%, 1, 0, 2, 792.68, 231762, 8
293, 66, 1, 2, 0, 0, 0.00%, 1, 0, 2, 767.25, 235594, 8
298, 68, 1, 2, 0, 0, 0.00%, 1, 0, 2, 737.20, 239311, 8
303, 69, 1, 2, 0, 0, 0.00%, 1, 0, 2, 813.27, 243531, 8
309, 70, 1, 2, 0, 0, 0.00%, 1, 0, 2, 815.03, 247674, 8
314, 71, 1, 2, 0, 0, 0.00%, 1, 0, 2, 831.92, 251945, 8
319, 72, 1, 2, 0, 0, 0.00%, 1, 0, 2, 820.40, 256248, 8
324, 73, 1, 2, 0, 0, 0.00%, 1, 0, 2, 819.97, 260372, 8
329, 75, 1, 2, 0, 0, 0.00%, 1, 0, 2, 818.35, 264515, 8
334, 76, 1, 2, 0, 0, 0.00%, 1, 0, 2, 834.86, 268754, 8
339, 77, 1, 2, 0, 0, 0.00%, 1, 0, 2, 816.53, 272865, 8
344, 78, 1, 2, 0, 0, 0.00%, 1, 0, 2, 826.95, 277021, 8
349, 79, 0, 2, 0, 0, 0.00%, 1, 0, 2, 832.44, 281228, 8
354, 81, 1, 2, 0, 0, 0.00%, 1, 0, 2, 831.49, 285403, 8
359, 82, 1, 2, 0, 0, 0.00%, 1, 0, 2, 832.21, 289610, 8
364, 83, 0, 2, 0, 0, 0.00%, 1, 0, 2, 829.78, 293830, 8
369, 84, 1, 2, 0, 0, 0.00%, 1, 0, 2, 829.33, 298037, 8
374, 85, 1, 2, 0, 0, 0.00%, 1, 0, 2, 833.98, 302212, 8
379, 87, 0, 2, 0, 0, 0.00%, 1, 0, 2, 819.32, 306339, 8
385, 88, 1, 2, 0, 0, 0.00%, 1, 0, 2, 804.38, 310319, 8
390, 89, 1, 2, 0, 0, 0.00%, 1, 0, 2, 811.85, 314494, 8
395, 90, 1, 2, 0, 0, 0.00%, 1, 0, 2, 812.86, 318554, 8
400, 91, 1, 2, 0, 0, 0.00%, 1, 0, 2, 837.06, 322905, 8
405, 92, 1, 2, 0, 0, 0.00%, 1, 0, 2, 839.58, 327288, 8
410, 94, 1, 2, 0, 0, 0.00%, 1, 0, 2, 844.75, 331671, 8
415, 95, 1, 2, 0, 0, 0.00%, 1, 0, 2, 758.87, 335433, 8
420, 96, 1, 2, 0, 0, 0.00%, 1, 0, 2, 777.18, 339413, 8
426, 97, 0, 2, 0, 0, 0.00%, 1, 0, 2, 821.98, 343665, 8
431, 98, 1, 2, 0, 0, 0.00%, 1, 0, 2, 754.88, 347630, 8
436, 99, 1, 2, 0, 0, 0.00%, 1, 0, 2, 741.83, 351354, 8
441, 100, 0, 2, 0, 0, 0.00%, 1, 0, 2, 780.42, 355457, 8
446, 102, 1, 2, 0, 0, 0.00%, 1, 0, 2, 784.56, 359482, 8
451, 103, 1, 2, 0, 0, 0.00%, 1, 0, 2, 779.25, 363449, 8
456, 104, 1, 2, 0, 0, 0.00%, 1, 0, 2, 822.11, 367682, 8
461, 105, 1, 2, 0, 0, 0.00%, 1, 0, 2, 828.69, 371873, 8
466, 106, 0, 2, 0, 0, 0.00%, 1, 0, 2, 832.05, 376080, 8
471, 107, 1, 2, 0, 0, 0.00%, 1, 0, 2, 825.05, 380268, 8
477, 109, 1, 2, 0, 0, 0.00%, 1, 0, 2, 827.98, 384459, 8
482, 110, 1, 2, 0, 0, 0.00%, 1, 0, 2, 833.14, 388682, 8
487, 111, 1, 2, 0, 0, 0.00%, 1, 0, 2, 814.77, 392857, 8
492, 112, 1, 2, 0, 0, 0.00%, 1, 0, 2, 819.73, 396981, 8
497, 113, 1, 2, 0, 0, 0.00%, 1, 0, 2, 823.67, 401092, 8
502, 114, 1, 2, 0, 0, 0.00%, 1, 0, 2, 815.88, 405136, 8
507, 116, 1, 2, 0, 0, 0.00%, 1, 0, 2, 827.12, 409327, 8
512, 117, 0, 2, 0, 0, 0.00%, 1, 0, 2, 828.76, 413502, 8
517, 118, 1, 2, 0, 0, 0.00%, 1, 0, 2, 826.72, 417661, 8
522, 119, 1, 2, 0, 0, 0.00%, 1, 0, 2, 801.51, 421737, 8
527, 120, 1, 2, 0, 0, 0.00%, 1, 0, 2, 750.25, 425441, 8
532, 121, 1, 2, 0, 0, 0.00%, 1, 0, 2, 746.43, 429170, 8
537, 122, 1, 2, 0, 0, 0.00%, 1, 0, 2, 746.16, 432951, 8
542, 123, 1, 2, 0, 0, 0.00%, 1, 0, 2, 690.70, 436459, 8
546, 124, 1, 2, 0, 0, 0.00%, 1, 0, 2, 753.29, 439544, 8
