# relative_time, cycles_done, cur_item, corpus_count, pending_total, pending_favs, map_size, saved_crashes, saved_hangs, max_depth, execs_per_sec, total_execs, edges_found
61, 14, 0, 1, 0, 0, 0.00%, 0, 0, 1, 781.24, 48681, 6
66, 15, 0, 1, 0, 0, 0.00%, 0, 0, 1, 824.58, 52798, 6
71, 16, 0, 1, 0, 0, 0.00%, 0, 0, 1, 828.08, 57114, 6
76, 17, 0, 1, 0, 0, 0.00%, 0, 0, 1, 800.06, 61136, 6
81, 18, 0, 1, 0, 0, 0.00%, 0, 0, 1, 748.26, 64850, 6
86, 19, 0, 1, 0, 0, 0.00%, 0, 0, 1, 753.30, 68641, 6
91, 20, 0, 1, 0, 0, 0.00%, 0, 0, 1, 766.84, 72511, 6
96, 22, 0, 1, 0, 0, 0.00%, 0, 0, 1, 807.00, 76641, 6
101, 23, 0, 1, 0, 0, 0.00%, 0, 0, 1, 749.13, 80331, 6
106, 24, 0, 1, 0, 0, 0.00%, 0, 0, 1, 772.75, 84156, 6
111, 25, 0, 1, 0, 0, 0.00%, 0, 0, 1, 802.51, 88272, 6
116, 26, 0, 1, 0, 0, 0.00%, 0, 0, 1, 822.87, 92461, 6
121, 27, 0, 1, 0, 0, 0.00%, 0, 0, 1, 844.10, 96841, 6
126, 28, 0, 1, 0, 0, 0.00%, 0, 0, 1, 860.50, 101230, 6
132, 30, 0, 1, 0, 0, 0.00%, 0, 0, 1, 821.28, 105434, 6
137, 31, 0, 1, 0, 0, 0.00%, 0, 0, 1, 794.89, 109312, 6
142, 32, 0, 1, 0, 0, 0.00%, 0, 0, 1, 781.27, 113202, 6
147, 33, 0, 1, 0, 0, 0.00%, 0, 0, 1, 787.61, 117027, 6
152, 34, 0, 1, 0, 0, 0.00%, 0, 0, 1, 835.31, 121269, 6
157, 35, 0, 1, 0, 0, 0.00%, 0, 0, 1, 824.50, 125409, 6
162, 36, 0, 1, 0, 0, 0.00%, 0, 0, 1, 795.01, 129467, 6
167, 38, 0, 1, 0, 0, 0.00%, 0, 0, 1, 822.13, 133650, 6
172, 39, 0, 1, 0, 0, 0.00%, 0, 0, 1, 826.10, 137806, 6
177, 40, 0, 1, 0, 0, 0.00%, 0, 0, 1, 836.65, 142019, 6
182, 41, 0, 1, 0, 0, 0.00%, 0, 0, 1, 827.46, 146175, 6
187, 42, 0, 1, 0, 0, 0.00%, 0, 0, 1, 813.67, 150196, 6
192, 44, 0, 1, 0, 0, 0.00%, 0, 0, 1, 796.25, 154252, 6
197, 45, 0, 1, 0, 0, 0.00%, 0, 0, 1, 759.94, 158197, 6
202, 46, 0, 1, 0, 0, 0.00%, 0, 0, 1, 712.25, 161676, 6
207, 47, 0, 1, 0, 0, 0.00%, 0, 0, 1, 812.26, 166038, 6
212, 48, 0, 1, 0, 0, 0.00%, 0, 0, 1, 809.50, 170075, 6
218, 49, 0, 1, 0, 0, 0.00%, 0, 0, 1, 825.73, 174375, 6
223, 50, 0, 1, 0, 0, 0.00%, 0, 0, 1, 778.15, 178247, 6
228, 51, 0, 1, 0, 0, 0.00%, 0, 0, 1, 803.76, 182273, 6
233, 53, 0, 1, 0, 0, 0.00%, 0, 0, 1, 826.32, 186637, 6
238, 54, 0, 1, 0, 0, 0.00%, 0, 0, 1, 808.57, 190857, 6
243, 55, 0, 1, 0, 0, 0.00%, 0, 0, 1, 798.04, 194892, 6
248, 56, 0, 1, 0, 0, 0.00%, 0, 0, 1, 779.99, 198762, 6
253, 57, 0, 1, 0, 0, 0.00%, 0, 0, 1, 784.22, 202697, 6
258, 58, 0, 1, 0, 0, 0.00%, 0, 0, 1, 783.84, 206687, 6
263, 59, 0, 1, 0, 0, 0.00%, 0, 0, 1, 777.32, 210557, 6
268, 61, 0, 1, 0, 0, 0.00%, 0, 0, 1, 800.66, 214612, 6
273, 62, 0, 1, 0, 0, 0.00%, 0, 0, 1, 795.92, 218677, 6
278, 63, 0, 1, 0, 0, 0.00%, 0, 0, 1, 808.11, 222742, 6
283, 64, 0, 1, 0, 0, 0.00%, 0, 0, 1, 773.30, 226632, 6
288, 65, 0, 1, 0, 0, 0.00%, 0, 0, 1, 815.01, 230727, 6
294, 66, 0, 1, 0, 0, 0.00%, 0, 0, 1, 838.12, 234956, 6
299, 68, 0, 1, 0, 0, 0.00%, 0, 0, 1, 807.60, 239064, 6
304, 69, 0, 1, 0, 0, 0.00%, 0, 0, 1, 809.62, 243277, 6
309, 70, 0, 1, 0, 0, 0.00%, 0, 0, 1, 813.00, 247369, 6
314, 71, 0, 1, 0, 0, 0.00%, 0, 0, 1, 828.93, 251550, 6
319, 72, 0, 1, 0, 0, 0.00%, 0, 0, 1, 826.80, 255850, 6
324, 74, 0, 1, 0, 0, 0.00%, 0, 0, 1, 831.33, 260038, 6
329, 75, 0, 1, 0, 0, 0.00%, 0, 0, 1, 831.38, 264203, 6
334, 76, 0, 1, 0, 0, 0.00%, 0, 0, 1, 817.26, 268471, 6
339, 77, 0, 1, 0, 0, 0.00%, 0, 0, 1, 775.68, 272292, 6
344, 78, 0, 1, 0, 0, 0.00%, 0, 0, 1, 767.69, 276162, 6
350, 79, 0, 1, 0, 0, 0.00%, 0, 0, 1, 841.63, 280589, 6
355, 81, 0, 1, 0, 0, 0.00%, 0, 0, 1, 852.74, 284923, 6
360, 82, 0, 1, 0, 0, 0.00%, 0, 0, 1, 814.97, 288990, 6
365, 83, 0, 1, 0, 0, 0.00%, 0, 0, 1, 788.59, 293112, 6
370, 84, 0, 1, 0, 0, 0.00%, 0, 0, 1, 818.93, 297215, 6
375, 85, 0, 1, 0, 0, 0.00%, 0, 0, 1, 819.71, 301355, 6
380, 86, 0, 1, 0, 0, 0.00%, 0, 0, 1, 819.23, 305488, 6
385, 88, 0, 1, 0, 0, 0.00%, 0, 0, 1, 821.42, 309660, 6
390, 89, 0, 1, 0, 0, 0.00%, 0, 0, 1, 778.94, 313597, 6
395, 90, 0, 1, 0, 0, 0.00%, 0, 0, 1, 829.78, 317885, 6
400, 91, 0, 1, 0, 0, 0.00%, 0, 0, 1, 862.19, 322234, 6
405, 92, 0, 1, 0, 0, 0.00%, 0, 0, 1, 868.23, 326711, 6
410, 94, 0, 1, 0, 0, 0.00%, 0, 0, 1, 818.83, 330730, 6
415, 95, 0, 1, 0, 0, 0.00%, 0, 0, 1, 767.36, 334522, 6
421, 96, 0, 1, 0, 0, 0.00%, 0, 0, 1, 821.63, 338843, 6
426, 97, 0, 1, 0, 0, 0.00%, 0, 0, 1, 810.41, 343040, 6
431, 98, 0, 1, 0, 0, 0.00%, 0, 0, 1, 817.54, 347212, 6
436, 99, 0, 1, 0, 0, 0.00%, 0, 0, 1, 818.87, 351345, 6
441, 101, 0, 1, 0, 0, 0.00%, 0, 0, 1, 812.05, 355389, 6
446, 102, 0, 1, 0, 0, 0.00%, 0, 0, 1, 851.07, 359762, 6
451, 103, 0, 1, 0, 0, 0.00%, 0, 0, 1, 852.75, 364192, 6
456, 104, 0, 1, 0, 0, 0.00%, 0, 0, 1, 862.67, 368620, 6
461, 106, 0, 1, 0, 0, 0.00%, 0, 0, 1, 863.11, 373048, 6
467, 107, 0, 1, 0, 0, 0.00%, 0, 0, 1, 836.81, 377355, 6
472, 108, 0, 1, 0, 0, 0.00%, 0, 0, 1, 856.90, 381664, 6
477, 109, 0, 1, 0, 0, 0.00%, 0, 0, 1, 834.04, 385923, 6
482, 110, 0, 1, 0, 0, 0.00%, 0, 0, 1, 837.21, 390248, 6
487, 112, 0, 1, 0, 0, 0.00%, 0, 0, 1, 832.82, 394468, 6
492, 113, 0, 1, 0, 0, 0.00%, 0, 0, 1, 782.86, 398362, 6
497, 114, 0, 1, 0, 0, 0.00%, 0, 0, 1, 841.40, 402773, 6
502, 115, 0, 1, 0, 0, 0.00%, 0, 0, 1, 836.94, 407073, 6
507, 116, 0, 1, 0, 0, 0.00%, 0, 0, 1, 797.66, 411047, 6
512, 118, 0, 1, 0, 0, 0.00%, 0, 0, 1, 824.76, 415234, 6
518, 119, 0, 1, 0, 0, 0.00%, 0, 0, 1, 839.54, 419607, 6
523, 120, 0, 1, 0, 0, 0.00%, 0, 0, 1, 797.27, 423537, 6
528, 121, 0, 1, 0, 0, 0.00%, 0, 0, 1, 846.65, 427960, 6
533, 122, 0, 1, 0, 0, 0.00%, 0, 0, 1, 796.88, 431912, 6
538, 123, 0, 1, 0, 0, 0.00%, 0, 0, 1, 817.16, 436089, 6
543, 125, 0, 1, 0, 0, 0.00%, 0, 0, 1, 811.14, 440261, 6
548, 126, 0, 1, 0, 0, 0.00%, 0, 0, 1, 730.86, 444026, 6
553, 127, 0, 1, 0, 0, 0.00%, 0, 0, 1, 814.88, 448166, 6
558, 128, 0, 1, 0, 0, 0.00%, 0, 0, 1, 812.94, 452443, 6
563, 129, 0, 1, 0, 0, 0.00%, 0, 0, 1, 804.10, 456423, 6
568, 130, 0, 1, 0, 0, 0.00%, 0, 0, 1, 832.58, 460796, 6
574, 132, 0, 1, 0, 0, 0.00%, 0, 0, 1, 811.62, 464888, 6
579, 133, 0, 1, 0, 0, 0.00%, 0, 0, 1, 830.96, 469085, 6
584, 134, 0, 1, 0, 0, 0.00%, 0, 0, 1, 795.05, 473217, 6
589, 135, 0, 1, 0, 0, 0.00%, 0, 0, 1, 800.05, 477246, 6
594, 136, 0, 1, 0, 0, 0.00%, 0, 0, 1, 821.30, 481450, 6
599, 138, 0, 1, 0, 0, 0.00%, 0, 0, 1, 829.97, 485686, 6
604, 139, 0, 1, 0, 0, 0.00%, 0, 0, 1, 836.80, 489899, 6
609, 140, 0, 1, 0, 0, 0.00%, 0, 0, 1, 831.38, 494087, 6
614, 141, 0, 1, 0, 0, 0.00%, 0, 0, 1, 813.20, 498220, 6
619, 142, 0, 1, 0, 0, 0.00%, 0, 0, 1, 807.71, 502328, 6
624, 143, 0, 1, 0, 0, 0.00%, 0, 0, 1, 808.37, 506397, 6
629, 145, 0, 1, 0, 0, 0.00%, 0, 0, 1, 801.03, 510441, 6
634, 146, 0, 1, 0, 0, 0.00%, 0, 0, 1, 802.28, 514447, 6
639, 147, 0, 1, 0, 0, 0.00%, 0, 0, 1, 799.11, 518422, 6
644, 148, 0, 1, 0, 0, 0.00%, 0, 0, 1, 811.25, 522543, 6
650, 149, 0, 1, 0, 0, 0.00%, 0, 0, 1, 751.33, 526272, 6
655, 150, 0, 1, 0, 0, 0.00%, 0, 0, 1, 808.73, 530400, 6
660, 151, 0, 1, 0, 0, 0.00%, 0, 0, 1, 826.35, 534677, 6
665, 153, 0, 1, 0, 0, 0.00%, 0, 0, 1, 839.56, 538913, 6
670, 154, 0, 1, 0, 0, 0.00%, 0, 0, 1, 843.90, 543133, 6
675, 155, 0, 1, 0, 0, 0.00%, 0, 0, 1, 840.91, 547330, 6
680, 156, 0, 1, 0, 0, 0.00%, 0, 0, 1, 835.72, 551662, 6
685, 157, 0, 1, 0, 0, 0.00%, 0, 0, 1, 830.36, 555875, 6
690, 159, 0, 1, 0, 0, 0.00%, 0, 0, 1, 828.62, 560031, 6
695, 160, 0, 1, 0, 0, 0.00%, 0, 0, 1, 827.84, 564228, 6
700, 161, 0, 1, 0, 0, 0.00%, 0, 0, 1, 807.26, 568256, 6
705, 162, 0, 1, 0, 0, 0.00%, 0, 0, 1, 776.18, 572157, 6
710, 163, 0, 1, 0, 0, 0.00%, 0, 0, 1, 748.76, 576004, 6
716, 164, 0, 1, 0, 0, 0.00%, 0, 0, 1, 752.93, 579902, 6
721, 165, 0, 1, 0, 0, 0.00%, 0, 0, 1, 756.86, 583802, 6
726, 167, 0, 1, 0, 0, 0.00%, 0, 0, 1, 812.20, 587959, 6
731, 168, 0, 1, 0, 0, 0.00%, 0, 0, 1, 816.65, 592044, 6
736, 169, 0, 1, 0, 0, 0.00%, 0, 0, 1, 766.54, 595882, 6
741, 170, 0, 1, 0, 0, 0.00%, 0, 0, 1, 788.66, 599757, 6
746, 171, 0, 1, 0, 0, 0.00%, 0, 0, 1, 823.74, 603970, 6
751, 172, 0, 1, 0, 0, 0.00%, 0, 0, 1, 810.02, 607998, 6
756, 173, 0, 1, 0, 0, 0.00%, 0, 0, 1, 824.59, 612099, 6
761, 175, 0, 1, 0, 0, 0.00%, 0, 0, 1, 809.09, 616143, 6
766, 176, 0, 1, 0, 0, 0.00%, 0, 0, 1, 828.69, 620340, 6
767, 176, 0, 1, 0, 0, 0.00%, 0, 0, 1, 830.92, 620953, 6
